learn(x, 0.2, [1 1 1], [9 6 1], 2, 500000, -0.1, 1, [0.01 0.01 8], 0.1, 0, 1, 500, 2)

-5.7321    4.3809   -4.3793
   -3.1757    2.7140   -2.5478
   -2.8057   -2.0687    2.2405
    0.6378    5.5565   -5.5800
    7.5350    4.2113   -4.2936
    0.1170    0.2560   -0.1843
   -2.9653   -3.9522    3.9425
    0.0230   -0.0227   -0.0906
   -2.7451    4.9458   -4.9731

-0.8125    1.2628    0.0596   -1.3973    1.4807    2.9359    0.3952    1.3832    0.0894   -1.6310
    1.9293   -2.7518    0.3823   -0.0158   -5.1246   -2.7262    0.1090    2.0862   -0.1124    5.5367
    1.0585    0.8135    0.4404    1.1913    2.2644   -2.4121   -0.0870    3.5932   -0.0758   -1.2154
    0.6910    3.6920    1.2918    0.8071    1.7682    1.2599   -0.3419    2.6479   -0.0486   -4.9667
   -0.0022   -1.3275   -0.8306    0.2690   -0.5787   -2.5674   -0.0282   -2.0758    0.0355    2.1882
   -0.0974    0.9289    0.1455    0.2594    2.0319    0.9370    0.1418    0.7600    0.0262   -2.2749

-0.1709   -0.9598    1.9445   -1.5100   -1.4883    0.3067   -0.2465
