1 => genetic(S(1:500), 2, 30, 20, 20, [0.05 0.9 10], [0.03 50000], 0.7, [4 1], @anularCross, 5000, [0.1 0], [0.1 0])
2 => genetic(S(1:500), 2, 30, 20, 50, [0.05 0.9 10], [0.03 50000], 0.7, [4 1], @anularCross, 5000, [0.1 0], [0.1 0]) 7.6951e-04
3 => genetic(S(1:500), 2, 30, 26, 50, [0.05 0.9 10], [0.03 50000], 0.7, [6 2], @anularCross, 5000, [0.1 0], [0.1 0]) 9.5927e-04
4 => genetic(S(1:500), 2, 30, 26, 50, [0.05 0 10], [0.03 50000], 0.6, [6 3], @anularCross, 2000, [0.1 0], [0.1 0]) 7.1689e-04
5 => genetic(S(1:500), 2, 30, 26, 50, [0.1 0.75 5], [0.03 10000], 0.6, [6 2], @paramCross, 2000, [0.1 0], [0.1 0]) 0.0062
6 => genetic(S(1:500), 2, 50, 30, 50, [0.1 0.75 5], [0.05 50000], 0.6, [6 3], @anularCross, 20000000, [0.1 0], [0.1 0]) 9.0563e-04
metodo 3 7 => genetic(S(1:500), 3, 50, 30, 60, [0.1 0.75 5], [0.05 50000], 0.7, [6 4], @anularCross, 20000000, [0.1 0], [0.1 0]) 5.6469e-04 
metodo 1 8 => genetic(S(1:500), 1, 30, 20, 40, [0.1 0.75 5], [0.05 30000], 0.7, [6 4], @anularCross, 20000000, [0.1 0], [0.1 0]) 9.1492e-04

con -ecm genetic(S(1:500), 2, 30, 20, 20, [0.01 0.75 5], [0.05 500], 0.9, [2 1], @piolaCross, 20000000, [0.1 0], [0.1 0]) 0.0100

10 genetic(S(1:500), 2, 100, 80, 200, [0.05 0 0], [0 500], 0.9, [2 1], @piolaCross, 20000000, [0.1 0], [0.1 0], 1)

ecm =

    0.2762

    genetic(S(1:500), 2, 150, 120, 300, [0.1 0 0], [0 500], 0.9, [2 1], @piolaCross, 20000000, [0.1 0], [0.1 0], 1)

ecm =

    0.1984
